42.22
47.27
51.77
44.58
40.69
41.61
53.56
51.86
114.24
34.98
35.35
38.93
43.92
37.65
42.73
38.21
40.81
48.23
29.52
41.94
33.87
35.15
48.72
23.28
35.69
164.06
97.48
24.40
38.96
36.77
31.24
47.94
44.66
23.72
35.48
28.24
44.79
33.05
140.18
30.05
35.48
42.26
43.27
39.82
35.68
43.84
46.01
56.75
57.65
41.21
58.86
41.77
45.26
41.33
35.27
28.92
35.78
22.79
29.27
36.06
33.99
46.24
49.42
47.65
39.60
48.18
41.15
52.71
45.15
38.30
46.75
29.60
36.52
86.74
40.80
41.24
54.40
47.08
62.04
63.28
31.36
36.36
40.68
46.72
61.32
71.14
33.90